{
  "nbformat": 4,
  "nbformat_minor": 5,
  "metadata": {
    "kernelspec": {
      "display_name": "Python 3",
      "language": "python",
      "name": "python3"
    },
    "language_info": {
      "codemirror_mode": {
        "name": "ipython",
        "version": 3
      },
      "file_extension": ".py",
      "mimetype": "text/x-python",
      "name": "python",
      "nbconvert_exporter": "python",
      "pygments_lexer": "ipython3",
      "version": "3.6.13"
    },
    "colab": {
      "name": "Ex.ipynb",
      "provenance": [],
      "include_colab_link": true
    }
  },
  "cells": [
    {
      "cell_type": "markdown",
      "metadata": {
        "id": "view-in-github",
        "colab_type": "text"
      },
      "source": [
        "<a href=\"https://colab.research.google.com/github/detok3585/Python_Analytics/blob/main/Ex.ipynb\" target=\"_parent\"><img src=\"https://colab.research.google.com/assets/colab-badge.svg\" alt=\"Open In Colab\"/></a>"
      ]
    },
    {
      "cell_type": "markdown",
      "metadata": {
        "id": "adb5eeb7"
      },
      "source": [
        "mtcars 데이터를 이용하여 상관분석을 하라\n",
        "1. drat, disp 간의 공분산을 구하라\n",
        "2. 모든 변수들 사이의 피어슨 상관계수를 구하라\n",
        "3. 모든 변수들 사이의 스피어만 상관계수를 구하라"
      ],
      "id": "adb5eeb7"
    },
    {
      "cell_type": "code",
      "metadata": {
        "id": "310350af"
      },
      "source": [
        "# -*- coding: utf-8 -*-\n",
        "\n",
        "import pandas as pd\n",
        "import numpy as np\n",
        "\n",
        "# read_csv 함수로 데이터를 Dataframe 형태로 불러옵니다.\n",
        "file_path = 'D:/jupyter/data/csv/mtcars.csv'\n",
        "mtcars = pd.read_csv(file_path)"
      ],
      "id": "310350af",
      "execution_count": null,
      "outputs": []
    },
    {
      "cell_type": "code",
      "metadata": {
        "id": "0a2c099e",
        "outputId": "bf366b7c-050d-4de3-8be2-914c3d8a9282"
      },
      "source": [
        "# 1.공분산\n",
        "cov = np.cov(mtcars['drat'], mtcars['disp'])\n",
        "cov"
      ],
      "id": "0a2c099e",
      "execution_count": null,
      "outputs": [
        {
          "output_type": "execute_result",
          "data": {
            "text/plain": [
              "array([[ 2.85881351e-01, -4.70640192e+01],\n",
              "       [-4.70640192e+01,  1.53607998e+04]])"
            ]
          },
          "metadata": {
            "tags": []
          },
          "execution_count": 27
        }
      ]
    },
    {
      "cell_type": "code",
      "metadata": {
        "id": "d8fa420f",
        "outputId": "7318abda-d75c-4ef8-c132-d9251ea2f589"
      },
      "source": [
        "# 2.피어슨 상관계수\n",
        "pcor = mtcars.corr(method='pearson')\n",
        "pcor"
      ],
      "id": "d8fa420f",
      "execution_count": null,
      "outputs": [
        {
          "output_type": "execute_result",
          "data": {
            "text/html": [
              "<div>\n",
              "<style scoped>\n",
              "    .dataframe tbody tr th:only-of-type {\n",
              "        vertical-align: middle;\n",
              "    }\n",
              "\n",
              "    .dataframe tbody tr th {\n",
              "        vertical-align: top;\n",
              "    }\n",
              "\n",
              "    .dataframe thead th {\n",
              "        text-align: right;\n",
              "    }\n",
              "</style>\n",
              "<table border=\"1\" class=\"dataframe\">\n",
              "  <thead>\n",
              "    <tr style=\"text-align: right;\">\n",
              "      <th></th>\n",
              "      <th>mpg</th>\n",
              "      <th>cyl</th>\n",
              "      <th>disp</th>\n",
              "      <th>hp</th>\n",
              "      <th>drat</th>\n",
              "      <th>wt</th>\n",
              "      <th>qsec</th>\n",
              "      <th>vs</th>\n",
              "      <th>am</th>\n",
              "      <th>gear</th>\n",
              "      <th>carb</th>\n",
              "    </tr>\n",
              "  </thead>\n",
              "  <tbody>\n",
              "    <tr>\n",
              "      <th>mpg</th>\n",
              "      <td>1.000000</td>\n",
              "      <td>-0.852162</td>\n",
              "      <td>-0.847551</td>\n",
              "      <td>-0.776168</td>\n",
              "      <td>0.681172</td>\n",
              "      <td>-0.867659</td>\n",
              "      <td>0.418684</td>\n",
              "      <td>0.664039</td>\n",
              "      <td>0.599832</td>\n",
              "      <td>0.480285</td>\n",
              "      <td>-0.550925</td>\n",
              "    </tr>\n",
              "    <tr>\n",
              "      <th>cyl</th>\n",
              "      <td>-0.852162</td>\n",
              "      <td>1.000000</td>\n",
              "      <td>0.902033</td>\n",
              "      <td>0.832447</td>\n",
              "      <td>-0.699938</td>\n",
              "      <td>0.782496</td>\n",
              "      <td>-0.591242</td>\n",
              "      <td>-0.810812</td>\n",
              "      <td>-0.522607</td>\n",
              "      <td>-0.492687</td>\n",
              "      <td>0.526988</td>\n",
              "    </tr>\n",
              "    <tr>\n",
              "      <th>disp</th>\n",
              "      <td>-0.847551</td>\n",
              "      <td>0.902033</td>\n",
              "      <td>1.000000</td>\n",
              "      <td>0.790949</td>\n",
              "      <td>-0.710214</td>\n",
              "      <td>0.887980</td>\n",
              "      <td>-0.433698</td>\n",
              "      <td>-0.710416</td>\n",
              "      <td>-0.591227</td>\n",
              "      <td>-0.555569</td>\n",
              "      <td>0.394977</td>\n",
              "    </tr>\n",
              "    <tr>\n",
              "      <th>hp</th>\n",
              "      <td>-0.776168</td>\n",
              "      <td>0.832447</td>\n",
              "      <td>0.790949</td>\n",
              "      <td>1.000000</td>\n",
              "      <td>-0.448759</td>\n",
              "      <td>0.658748</td>\n",
              "      <td>-0.708223</td>\n",
              "      <td>-0.723097</td>\n",
              "      <td>-0.243204</td>\n",
              "      <td>-0.125704</td>\n",
              "      <td>0.749812</td>\n",
              "    </tr>\n",
              "    <tr>\n",
              "      <th>drat</th>\n",
              "      <td>0.681172</td>\n",
              "      <td>-0.699938</td>\n",
              "      <td>-0.710214</td>\n",
              "      <td>-0.448759</td>\n",
              "      <td>1.000000</td>\n",
              "      <td>-0.712441</td>\n",
              "      <td>0.091205</td>\n",
              "      <td>0.440278</td>\n",
              "      <td>0.712711</td>\n",
              "      <td>0.699610</td>\n",
              "      <td>-0.090790</td>\n",
              "    </tr>\n",
              "    <tr>\n",
              "      <th>wt</th>\n",
              "      <td>-0.867659</td>\n",
              "      <td>0.782496</td>\n",
              "      <td>0.887980</td>\n",
              "      <td>0.658748</td>\n",
              "      <td>-0.712441</td>\n",
              "      <td>1.000000</td>\n",
              "      <td>-0.174716</td>\n",
              "      <td>-0.554916</td>\n",
              "      <td>-0.692495</td>\n",
              "      <td>-0.583287</td>\n",
              "      <td>0.427606</td>\n",
              "    </tr>\n",
              "    <tr>\n",
              "      <th>qsec</th>\n",
              "      <td>0.418684</td>\n",
              "      <td>-0.591242</td>\n",
              "      <td>-0.433698</td>\n",
              "      <td>-0.708223</td>\n",
              "      <td>0.091205</td>\n",
              "      <td>-0.174716</td>\n",
              "      <td>1.000000</td>\n",
              "      <td>0.744535</td>\n",
              "      <td>-0.229861</td>\n",
              "      <td>-0.212682</td>\n",
              "      <td>-0.656249</td>\n",
              "    </tr>\n",
              "    <tr>\n",
              "      <th>vs</th>\n",
              "      <td>0.664039</td>\n",
              "      <td>-0.810812</td>\n",
              "      <td>-0.710416</td>\n",
              "      <td>-0.723097</td>\n",
              "      <td>0.440278</td>\n",
              "      <td>-0.554916</td>\n",
              "      <td>0.744535</td>\n",
              "      <td>1.000000</td>\n",
              "      <td>0.168345</td>\n",
              "      <td>0.206023</td>\n",
              "      <td>-0.569607</td>\n",
              "    </tr>\n",
              "    <tr>\n",
              "      <th>am</th>\n",
              "      <td>0.599832</td>\n",
              "      <td>-0.522607</td>\n",
              "      <td>-0.591227</td>\n",
              "      <td>-0.243204</td>\n",
              "      <td>0.712711</td>\n",
              "      <td>-0.692495</td>\n",
              "      <td>-0.229861</td>\n",
              "      <td>0.168345</td>\n",
              "      <td>1.000000</td>\n",
              "      <td>0.794059</td>\n",
              "      <td>0.057534</td>\n",
              "    </tr>\n",
              "    <tr>\n",
              "      <th>gear</th>\n",
              "      <td>0.480285</td>\n",
              "      <td>-0.492687</td>\n",
              "      <td>-0.555569</td>\n",
              "      <td>-0.125704</td>\n",
              "      <td>0.699610</td>\n",
              "      <td>-0.583287</td>\n",
              "      <td>-0.212682</td>\n",
              "      <td>0.206023</td>\n",
              "      <td>0.794059</td>\n",
              "      <td>1.000000</td>\n",
              "      <td>0.274073</td>\n",
              "    </tr>\n",
              "    <tr>\n",
              "      <th>carb</th>\n",
              "      <td>-0.550925</td>\n",
              "      <td>0.526988</td>\n",
              "      <td>0.394977</td>\n",
              "      <td>0.749812</td>\n",
              "      <td>-0.090790</td>\n",
              "      <td>0.427606</td>\n",
              "      <td>-0.656249</td>\n",
              "      <td>-0.569607</td>\n",
              "      <td>0.057534</td>\n",
              "      <td>0.274073</td>\n",
              "      <td>1.000000</td>\n",
              "    </tr>\n",
              "  </tbody>\n",
              "</table>\n",
              "</div>"
            ],
            "text/plain": [
              "           mpg       cyl      disp        hp      drat        wt      qsec  \\\n",
              "mpg   1.000000 -0.852162 -0.847551 -0.776168  0.681172 -0.867659  0.418684   \n",
              "cyl  -0.852162  1.000000  0.902033  0.832447 -0.699938  0.782496 -0.591242   \n",
              "disp -0.847551  0.902033  1.000000  0.790949 -0.710214  0.887980 -0.433698   \n",
              "hp   -0.776168  0.832447  0.790949  1.000000 -0.448759  0.658748 -0.708223   \n",
              "drat  0.681172 -0.699938 -0.710214 -0.448759  1.000000 -0.712441  0.091205   \n",
              "wt   -0.867659  0.782496  0.887980  0.658748 -0.712441  1.000000 -0.174716   \n",
              "qsec  0.418684 -0.591242 -0.433698 -0.708223  0.091205 -0.174716  1.000000   \n",
              "vs    0.664039 -0.810812 -0.710416 -0.723097  0.440278 -0.554916  0.744535   \n",
              "am    0.599832 -0.522607 -0.591227 -0.243204  0.712711 -0.692495 -0.229861   \n",
              "gear  0.480285 -0.492687 -0.555569 -0.125704  0.699610 -0.583287 -0.212682   \n",
              "carb -0.550925  0.526988  0.394977  0.749812 -0.090790  0.427606 -0.656249   \n",
              "\n",
              "            vs        am      gear      carb  \n",
              "mpg   0.664039  0.599832  0.480285 -0.550925  \n",
              "cyl  -0.810812 -0.522607 -0.492687  0.526988  \n",
              "disp -0.710416 -0.591227 -0.555569  0.394977  \n",
              "hp   -0.723097 -0.243204 -0.125704  0.749812  \n",
              "drat  0.440278  0.712711  0.699610 -0.090790  \n",
              "wt   -0.554916 -0.692495 -0.583287  0.427606  \n",
              "qsec  0.744535 -0.229861 -0.212682 -0.656249  \n",
              "vs    1.000000  0.168345  0.206023 -0.569607  \n",
              "am    0.168345  1.000000  0.794059  0.057534  \n",
              "gear  0.206023  0.794059  1.000000  0.274073  \n",
              "carb -0.569607  0.057534  0.274073  1.000000  "
            ]
          },
          "metadata": {
            "tags": []
          },
          "execution_count": 25
        }
      ]
    },
    {
      "cell_type": "code",
      "metadata": {
        "id": "d78958e1",
        "outputId": "323b7d6b-f4c2-4049-e194-bd429b827f05"
      },
      "source": [
        "# 3.스피어민 상관계수\n",
        "scor = mtcars.corr(method='spearman')\n",
        "scor"
      ],
      "id": "d78958e1",
      "execution_count": null,
      "outputs": [
        {
          "output_type": "execute_result",
          "data": {
            "text/html": [
              "<div>\n",
              "<style scoped>\n",
              "    .dataframe tbody tr th:only-of-type {\n",
              "        vertical-align: middle;\n",
              "    }\n",
              "\n",
              "    .dataframe tbody tr th {\n",
              "        vertical-align: top;\n",
              "    }\n",
              "\n",
              "    .dataframe thead th {\n",
              "        text-align: right;\n",
              "    }\n",
              "</style>\n",
              "<table border=\"1\" class=\"dataframe\">\n",
              "  <thead>\n",
              "    <tr style=\"text-align: right;\">\n",
              "      <th></th>\n",
              "      <th>mpg</th>\n",
              "      <th>cyl</th>\n",
              "      <th>disp</th>\n",
              "      <th>hp</th>\n",
              "      <th>drat</th>\n",
              "      <th>wt</th>\n",
              "      <th>qsec</th>\n",
              "      <th>vs</th>\n",
              "      <th>am</th>\n",
              "      <th>gear</th>\n",
              "      <th>carb</th>\n",
              "    </tr>\n",
              "  </thead>\n",
              "  <tbody>\n",
              "    <tr>\n",
              "      <th>mpg</th>\n",
              "      <td>1.000000</td>\n",
              "      <td>-0.910801</td>\n",
              "      <td>-0.908882</td>\n",
              "      <td>-0.894665</td>\n",
              "      <td>0.651455</td>\n",
              "      <td>-0.886422</td>\n",
              "      <td>0.466936</td>\n",
              "      <td>0.706597</td>\n",
              "      <td>0.562006</td>\n",
              "      <td>0.542782</td>\n",
              "      <td>-0.657498</td>\n",
              "    </tr>\n",
              "    <tr>\n",
              "      <th>cyl</th>\n",
              "      <td>-0.910801</td>\n",
              "      <td>1.000000</td>\n",
              "      <td>0.927652</td>\n",
              "      <td>0.901791</td>\n",
              "      <td>-0.678881</td>\n",
              "      <td>0.857728</td>\n",
              "      <td>-0.572351</td>\n",
              "      <td>-0.813789</td>\n",
              "      <td>-0.522071</td>\n",
              "      <td>-0.564310</td>\n",
              "      <td>0.580068</td>\n",
              "    </tr>\n",
              "    <tr>\n",
              "      <th>disp</th>\n",
              "      <td>-0.908882</td>\n",
              "      <td>0.927652</td>\n",
              "      <td>1.000000</td>\n",
              "      <td>0.851043</td>\n",
              "      <td>-0.683592</td>\n",
              "      <td>0.897706</td>\n",
              "      <td>-0.459782</td>\n",
              "      <td>-0.723664</td>\n",
              "      <td>-0.624068</td>\n",
              "      <td>-0.594470</td>\n",
              "      <td>0.539778</td>\n",
              "    </tr>\n",
              "    <tr>\n",
              "      <th>hp</th>\n",
              "      <td>-0.894665</td>\n",
              "      <td>0.901791</td>\n",
              "      <td>0.851043</td>\n",
              "      <td>1.000000</td>\n",
              "      <td>-0.520125</td>\n",
              "      <td>0.774677</td>\n",
              "      <td>-0.666606</td>\n",
              "      <td>-0.751593</td>\n",
              "      <td>-0.362328</td>\n",
              "      <td>-0.331402</td>\n",
              "      <td>0.733379</td>\n",
              "    </tr>\n",
              "    <tr>\n",
              "      <th>drat</th>\n",
              "      <td>0.651455</td>\n",
              "      <td>-0.678881</td>\n",
              "      <td>-0.683592</td>\n",
              "      <td>-0.520125</td>\n",
              "      <td>1.000000</td>\n",
              "      <td>-0.750390</td>\n",
              "      <td>0.091869</td>\n",
              "      <td>0.447457</td>\n",
              "      <td>0.686571</td>\n",
              "      <td>0.744816</td>\n",
              "      <td>-0.125223</td>\n",
              "    </tr>\n",
              "    <tr>\n",
              "      <th>wt</th>\n",
              "      <td>-0.886422</td>\n",
              "      <td>0.857728</td>\n",
              "      <td>0.897706</td>\n",
              "      <td>0.774677</td>\n",
              "      <td>-0.750390</td>\n",
              "      <td>1.000000</td>\n",
              "      <td>-0.225401</td>\n",
              "      <td>-0.587016</td>\n",
              "      <td>-0.737713</td>\n",
              "      <td>-0.676128</td>\n",
              "      <td>0.499812</td>\n",
              "    </tr>\n",
              "    <tr>\n",
              "      <th>qsec</th>\n",
              "      <td>0.466936</td>\n",
              "      <td>-0.572351</td>\n",
              "      <td>-0.459782</td>\n",
              "      <td>-0.666606</td>\n",
              "      <td>0.091869</td>\n",
              "      <td>-0.225401</td>\n",
              "      <td>1.000000</td>\n",
              "      <td>0.791571</td>\n",
              "      <td>-0.203332</td>\n",
              "      <td>-0.148200</td>\n",
              "      <td>-0.658718</td>\n",
              "    </tr>\n",
              "    <tr>\n",
              "      <th>vs</th>\n",
              "      <td>0.706597</td>\n",
              "      <td>-0.813789</td>\n",
              "      <td>-0.723664</td>\n",
              "      <td>-0.751593</td>\n",
              "      <td>0.447457</td>\n",
              "      <td>-0.587016</td>\n",
              "      <td>0.791571</td>\n",
              "      <td>1.000000</td>\n",
              "      <td>0.168345</td>\n",
              "      <td>0.282662</td>\n",
              "      <td>-0.633695</td>\n",
              "    </tr>\n",
              "    <tr>\n",
              "      <th>am</th>\n",
              "      <td>0.562006</td>\n",
              "      <td>-0.522071</td>\n",
              "      <td>-0.624068</td>\n",
              "      <td>-0.362328</td>\n",
              "      <td>0.686571</td>\n",
              "      <td>-0.737713</td>\n",
              "      <td>-0.203332</td>\n",
              "      <td>0.168345</td>\n",
              "      <td>1.000000</td>\n",
              "      <td>0.807688</td>\n",
              "      <td>-0.064365</td>\n",
              "    </tr>\n",
              "    <tr>\n",
              "      <th>gear</th>\n",
              "      <td>0.542782</td>\n",
              "      <td>-0.564310</td>\n",
              "      <td>-0.594470</td>\n",
              "      <td>-0.331402</td>\n",
              "      <td>0.744816</td>\n",
              "      <td>-0.676128</td>\n",
              "      <td>-0.148200</td>\n",
              "      <td>0.282662</td>\n",
              "      <td>0.807688</td>\n",
              "      <td>1.000000</td>\n",
              "      <td>0.114887</td>\n",
              "    </tr>\n",
              "    <tr>\n",
              "      <th>carb</th>\n",
              "      <td>-0.657498</td>\n",
              "      <td>0.580068</td>\n",
              "      <td>0.539778</td>\n",
              "      <td>0.733379</td>\n",
              "      <td>-0.125223</td>\n",
              "      <td>0.499812</td>\n",
              "      <td>-0.658718</td>\n",
              "      <td>-0.633695</td>\n",
              "      <td>-0.064365</td>\n",
              "      <td>0.114887</td>\n",
              "      <td>1.000000</td>\n",
              "    </tr>\n",
              "  </tbody>\n",
              "</table>\n",
              "</div>"
            ],
            "text/plain": [
              "           mpg       cyl      disp        hp      drat        wt      qsec  \\\n",
              "mpg   1.000000 -0.910801 -0.908882 -0.894665  0.651455 -0.886422  0.466936   \n",
              "cyl  -0.910801  1.000000  0.927652  0.901791 -0.678881  0.857728 -0.572351   \n",
              "disp -0.908882  0.927652  1.000000  0.851043 -0.683592  0.897706 -0.459782   \n",
              "hp   -0.894665  0.901791  0.851043  1.000000 -0.520125  0.774677 -0.666606   \n",
              "drat  0.651455 -0.678881 -0.683592 -0.520125  1.000000 -0.750390  0.091869   \n",
              "wt   -0.886422  0.857728  0.897706  0.774677 -0.750390  1.000000 -0.225401   \n",
              "qsec  0.466936 -0.572351 -0.459782 -0.666606  0.091869 -0.225401  1.000000   \n",
              "vs    0.706597 -0.813789 -0.723664 -0.751593  0.447457 -0.587016  0.791571   \n",
              "am    0.562006 -0.522071 -0.624068 -0.362328  0.686571 -0.737713 -0.203332   \n",
              "gear  0.542782 -0.564310 -0.594470 -0.331402  0.744816 -0.676128 -0.148200   \n",
              "carb -0.657498  0.580068  0.539778  0.733379 -0.125223  0.499812 -0.658718   \n",
              "\n",
              "            vs        am      gear      carb  \n",
              "mpg   0.706597  0.562006  0.542782 -0.657498  \n",
              "cyl  -0.813789 -0.522071 -0.564310  0.580068  \n",
              "disp -0.723664 -0.624068 -0.594470  0.539778  \n",
              "hp   -0.751593 -0.362328 -0.331402  0.733379  \n",
              "drat  0.447457  0.686571  0.744816 -0.125223  \n",
              "wt   -0.587016 -0.737713 -0.676128  0.499812  \n",
              "qsec  0.791571 -0.203332 -0.148200 -0.658718  \n",
              "vs    1.000000  0.168345  0.282662 -0.633695  \n",
              "am    0.168345  1.000000  0.807688 -0.064365  \n",
              "gear  0.282662  0.807688  1.000000  0.114887  \n",
              "carb -0.633695 -0.064365  0.114887  1.000000  "
            ]
          },
          "metadata": {
            "tags": []
          },
          "execution_count": 26
        }
      ]
    },
    {
      "cell_type": "markdown",
      "metadata": {
        "id": "050e8b2d"
      },
      "source": [
        "IRIS 데이터로 주성분분석을 하라\n",
        "1. 수치형 데이터('sepal length','sepal width','petal length','petal width','target')를 불러와 x 변수에 저장하라\n",
        "2. 수치형 변수를 정규화하라\n",
        "3. 주성분 분석을 하라\n",
        "4. 원래 변수 분산합과 주성분 점수의 분산합이 같은지 확인하라"
      ],
      "id": "050e8b2d"
    },
    {
      "cell_type": "code",
      "metadata": {
        "id": "e4f8278c"
      },
      "source": [
        "import numpy as np\n",
        "import pandas as pd\n",
        "from sklearn.datasets import load_iris\n",
        "import pandas as pd\n",
        "import numpy as np\n",
        "\n",
        "iris = load_iris() # 딕셔너리 형태로 제공 (정확하게는 Bunch)\n",
        " \n",
        "# iris 데이터 프레임 형태로 저장\n",
        "df = pd.DataFrame(data=iris.data, columns=iris.feature_names)"
      ],
      "id": "e4f8278c",
      "execution_count": null,
      "outputs": []
    },
    {
      "cell_type": "code",
      "metadata": {
        "collapsed": true,
        "id": "dd4a9ae1",
        "outputId": "b274c269-72f7-4f76-d3bb-31da3055bcb7"
      },
      "source": [
        "# 1. 수치형 데이터만 추출\n",
        "features = ['sepal length (cm)', 'sepal width (cm)', 'petal length (cm)', 'petal width (cm)']\n",
        "x = df.loc[:, features].values\n",
        "x"
      ],
      "id": "dd4a9ae1",
      "execution_count": null,
      "outputs": [
        {
          "output_type": "execute_result",
          "data": {
            "text/plain": [
              "array([[5.1, 3.5, 1.4, 0.2],\n",
              "       [4.9, 3. , 1.4, 0.2],\n",
              "       [4.7, 3.2, 1.3, 0.2],\n",
              "       [4.6, 3.1, 1.5, 0.2],\n",
              "       [5. , 3.6, 1.4, 0.2],\n",
              "       [5.4, 3.9, 1.7, 0.4],\n",
              "       [4.6, 3.4, 1.4, 0.3],\n",
              "       [5. , 3.4, 1.5, 0.2],\n",
              "       [4.4, 2.9, 1.4, 0.2],\n",
              "       [4.9, 3.1, 1.5, 0.1],\n",
              "       [5.4, 3.7, 1.5, 0.2],\n",
              "       [4.8, 3.4, 1.6, 0.2],\n",
              "       [4.8, 3. , 1.4, 0.1],\n",
              "       [4.3, 3. , 1.1, 0.1],\n",
              "       [5.8, 4. , 1.2, 0.2],\n",
              "       [5.7, 4.4, 1.5, 0.4],\n",
              "       [5.4, 3.9, 1.3, 0.4],\n",
              "       [5.1, 3.5, 1.4, 0.3],\n",
              "       [5.7, 3.8, 1.7, 0.3],\n",
              "       [5.1, 3.8, 1.5, 0.3],\n",
              "       [5.4, 3.4, 1.7, 0.2],\n",
              "       [5.1, 3.7, 1.5, 0.4],\n",
              "       [4.6, 3.6, 1. , 0.2],\n",
              "       [5.1, 3.3, 1.7, 0.5],\n",
              "       [4.8, 3.4, 1.9, 0.2],\n",
              "       [5. , 3. , 1.6, 0.2],\n",
              "       [5. , 3.4, 1.6, 0.4],\n",
              "       [5.2, 3.5, 1.5, 0.2],\n",
              "       [5.2, 3.4, 1.4, 0.2],\n",
              "       [4.7, 3.2, 1.6, 0.2],\n",
              "       [4.8, 3.1, 1.6, 0.2],\n",
              "       [5.4, 3.4, 1.5, 0.4],\n",
              "       [5.2, 4.1, 1.5, 0.1],\n",
              "       [5.5, 4.2, 1.4, 0.2],\n",
              "       [4.9, 3.1, 1.5, 0.2],\n",
              "       [5. , 3.2, 1.2, 0.2],\n",
              "       [5.5, 3.5, 1.3, 0.2],\n",
              "       [4.9, 3.6, 1.4, 0.1],\n",
              "       [4.4, 3. , 1.3, 0.2],\n",
              "       [5.1, 3.4, 1.5, 0.2],\n",
              "       [5. , 3.5, 1.3, 0.3],\n",
              "       [4.5, 2.3, 1.3, 0.3],\n",
              "       [4.4, 3.2, 1.3, 0.2],\n",
              "       [5. , 3.5, 1.6, 0.6],\n",
              "       [5.1, 3.8, 1.9, 0.4],\n",
              "       [4.8, 3. , 1.4, 0.3],\n",
              "       [5.1, 3.8, 1.6, 0.2],\n",
              "       [4.6, 3.2, 1.4, 0.2],\n",
              "       [5.3, 3.7, 1.5, 0.2],\n",
              "       [5. , 3.3, 1.4, 0.2],\n",
              "       [7. , 3.2, 4.7, 1.4],\n",
              "       [6.4, 3.2, 4.5, 1.5],\n",
              "       [6.9, 3.1, 4.9, 1.5],\n",
              "       [5.5, 2.3, 4. , 1.3],\n",
              "       [6.5, 2.8, 4.6, 1.5],\n",
              "       [5.7, 2.8, 4.5, 1.3],\n",
              "       [6.3, 3.3, 4.7, 1.6],\n",
              "       [4.9, 2.4, 3.3, 1. ],\n",
              "       [6.6, 2.9, 4.6, 1.3],\n",
              "       [5.2, 2.7, 3.9, 1.4],\n",
              "       [5. , 2. , 3.5, 1. ],\n",
              "       [5.9, 3. , 4.2, 1.5],\n",
              "       [6. , 2.2, 4. , 1. ],\n",
              "       [6.1, 2.9, 4.7, 1.4],\n",
              "       [5.6, 2.9, 3.6, 1.3],\n",
              "       [6.7, 3.1, 4.4, 1.4],\n",
              "       [5.6, 3. , 4.5, 1.5],\n",
              "       [5.8, 2.7, 4.1, 1. ],\n",
              "       [6.2, 2.2, 4.5, 1.5],\n",
              "       [5.6, 2.5, 3.9, 1.1],\n",
              "       [5.9, 3.2, 4.8, 1.8],\n",
              "       [6.1, 2.8, 4. , 1.3],\n",
              "       [6.3, 2.5, 4.9, 1.5],\n",
              "       [6.1, 2.8, 4.7, 1.2],\n",
              "       [6.4, 2.9, 4.3, 1.3],\n",
              "       [6.6, 3. , 4.4, 1.4],\n",
              "       [6.8, 2.8, 4.8, 1.4],\n",
              "       [6.7, 3. , 5. , 1.7],\n",
              "       [6. , 2.9, 4.5, 1.5],\n",
              "       [5.7, 2.6, 3.5, 1. ],\n",
              "       [5.5, 2.4, 3.8, 1.1],\n",
              "       [5.5, 2.4, 3.7, 1. ],\n",
              "       [5.8, 2.7, 3.9, 1.2],\n",
              "       [6. , 2.7, 5.1, 1.6],\n",
              "       [5.4, 3. , 4.5, 1.5],\n",
              "       [6. , 3.4, 4.5, 1.6],\n",
              "       [6.7, 3.1, 4.7, 1.5],\n",
              "       [6.3, 2.3, 4.4, 1.3],\n",
              "       [5.6, 3. , 4.1, 1.3],\n",
              "       [5.5, 2.5, 4. , 1.3],\n",
              "       [5.5, 2.6, 4.4, 1.2],\n",
              "       [6.1, 3. , 4.6, 1.4],\n",
              "       [5.8, 2.6, 4. , 1.2],\n",
              "       [5. , 2.3, 3.3, 1. ],\n",
              "       [5.6, 2.7, 4.2, 1.3],\n",
              "       [5.7, 3. , 4.2, 1.2],\n",
              "       [5.7, 2.9, 4.2, 1.3],\n",
              "       [6.2, 2.9, 4.3, 1.3],\n",
              "       [5.1, 2.5, 3. , 1.1],\n",
              "       [5.7, 2.8, 4.1, 1.3],\n",
              "       [6.3, 3.3, 6. , 2.5],\n",
              "       [5.8, 2.7, 5.1, 1.9],\n",
              "       [7.1, 3. , 5.9, 2.1],\n",
              "       [6.3, 2.9, 5.6, 1.8],\n",
              "       [6.5, 3. , 5.8, 2.2],\n",
              "       [7.6, 3. , 6.6, 2.1],\n",
              "       [4.9, 2.5, 4.5, 1.7],\n",
              "       [7.3, 2.9, 6.3, 1.8],\n",
              "       [6.7, 2.5, 5.8, 1.8],\n",
              "       [7.2, 3.6, 6.1, 2.5],\n",
              "       [6.5, 3.2, 5.1, 2. ],\n",
              "       [6.4, 2.7, 5.3, 1.9],\n",
              "       [6.8, 3. , 5.5, 2.1],\n",
              "       [5.7, 2.5, 5. , 2. ],\n",
              "       [5.8, 2.8, 5.1, 2.4],\n",
              "       [6.4, 3.2, 5.3, 2.3],\n",
              "       [6.5, 3. , 5.5, 1.8],\n",
              "       [7.7, 3.8, 6.7, 2.2],\n",
              "       [7.7, 2.6, 6.9, 2.3],\n",
              "       [6. , 2.2, 5. , 1.5],\n",
              "       [6.9, 3.2, 5.7, 2.3],\n",
              "       [5.6, 2.8, 4.9, 2. ],\n",
              "       [7.7, 2.8, 6.7, 2. ],\n",
              "       [6.3, 2.7, 4.9, 1.8],\n",
              "       [6.7, 3.3, 5.7, 2.1],\n",
              "       [7.2, 3.2, 6. , 1.8],\n",
              "       [6.2, 2.8, 4.8, 1.8],\n",
              "       [6.1, 3. , 4.9, 1.8],\n",
              "       [6.4, 2.8, 5.6, 2.1],\n",
              "       [7.2, 3. , 5.8, 1.6],\n",
              "       [7.4, 2.8, 6.1, 1.9],\n",
              "       [7.9, 3.8, 6.4, 2. ],\n",
              "       [6.4, 2.8, 5.6, 2.2],\n",
              "       [6.3, 2.8, 5.1, 1.5],\n",
              "       [6.1, 2.6, 5.6, 1.4],\n",
              "       [7.7, 3. , 6.1, 2.3],\n",
              "       [6.3, 3.4, 5.6, 2.4],\n",
              "       [6.4, 3.1, 5.5, 1.8],\n",
              "       [6. , 3. , 4.8, 1.8],\n",
              "       [6.9, 3.1, 5.4, 2.1],\n",
              "       [6.7, 3.1, 5.6, 2.4],\n",
              "       [6.9, 3.1, 5.1, 2.3],\n",
              "       [5.8, 2.7, 5.1, 1.9],\n",
              "       [6.8, 3.2, 5.9, 2.3],\n",
              "       [6.7, 3.3, 5.7, 2.5],\n",
              "       [6.7, 3. , 5.2, 2.3],\n",
              "       [6.3, 2.5, 5. , 1.9],\n",
              "       [6.5, 3. , 5.2, 2. ],\n",
              "       [6.2, 3.4, 5.4, 2.3],\n",
              "       [5.9, 3. , 5.1, 1.8]])"
            ]
          },
          "metadata": {
            "tags": []
          },
          "execution_count": 46
        }
      ]
    },
    {
      "cell_type": "code",
      "metadata": {
        "collapsed": true,
        "id": "201c64a5",
        "outputId": "fd59c50d-80f9-468f-cbad-cff89e0b0ca0"
      },
      "source": [
        "# 2. 수치형 변수 정규화\n",
        "from sklearn.preprocessing import StandardScaler\n",
        "x = StandardScaler().fit_transform(x)\n",
        "x"
      ],
      "id": "201c64a5",
      "execution_count": null,
      "outputs": [
        {
          "output_type": "execute_result",
          "data": {
            "text/plain": [
              "array([[-9.00681170e-01,  1.01900435e+00, -1.34022653e+00,\n",
              "        -1.31544430e+00],\n",
              "       [-1.14301691e+00, -1.31979479e-01, -1.34022653e+00,\n",
              "        -1.31544430e+00],\n",
              "       [-1.38535265e+00,  3.28414053e-01, -1.39706395e+00,\n",
              "        -1.31544430e+00],\n",
              "       [-1.50652052e+00,  9.82172869e-02, -1.28338910e+00,\n",
              "        -1.31544430e+00],\n",
              "       [-1.02184904e+00,  1.24920112e+00, -1.34022653e+00,\n",
              "        -1.31544430e+00],\n",
              "       [-5.37177559e-01,  1.93979142e+00, -1.16971425e+00,\n",
              "        -1.05217993e+00],\n",
              "       [-1.50652052e+00,  7.88807586e-01, -1.34022653e+00,\n",
              "        -1.18381211e+00],\n",
              "       [-1.02184904e+00,  7.88807586e-01, -1.28338910e+00,\n",
              "        -1.31544430e+00],\n",
              "       [-1.74885626e+00, -3.62176246e-01, -1.34022653e+00,\n",
              "        -1.31544430e+00],\n",
              "       [-1.14301691e+00,  9.82172869e-02, -1.28338910e+00,\n",
              "        -1.44707648e+00],\n",
              "       [-5.37177559e-01,  1.47939788e+00, -1.28338910e+00,\n",
              "        -1.31544430e+00],\n",
              "       [-1.26418478e+00,  7.88807586e-01, -1.22655167e+00,\n",
              "        -1.31544430e+00],\n",
              "       [-1.26418478e+00, -1.31979479e-01, -1.34022653e+00,\n",
              "        -1.44707648e+00],\n",
              "       [-1.87002413e+00, -1.31979479e-01, -1.51073881e+00,\n",
              "        -1.44707648e+00],\n",
              "       [-5.25060772e-02,  2.16998818e+00, -1.45390138e+00,\n",
              "        -1.31544430e+00],\n",
              "       [-1.73673948e-01,  3.09077525e+00, -1.28338910e+00,\n",
              "        -1.05217993e+00],\n",
              "       [-5.37177559e-01,  1.93979142e+00, -1.39706395e+00,\n",
              "        -1.05217993e+00],\n",
              "       [-9.00681170e-01,  1.01900435e+00, -1.34022653e+00,\n",
              "        -1.18381211e+00],\n",
              "       [-1.73673948e-01,  1.70959465e+00, -1.16971425e+00,\n",
              "        -1.18381211e+00],\n",
              "       [-9.00681170e-01,  1.70959465e+00, -1.28338910e+00,\n",
              "        -1.18381211e+00],\n",
              "       [-5.37177559e-01,  7.88807586e-01, -1.16971425e+00,\n",
              "        -1.31544430e+00],\n",
              "       [-9.00681170e-01,  1.47939788e+00, -1.28338910e+00,\n",
              "        -1.05217993e+00],\n",
              "       [-1.50652052e+00,  1.24920112e+00, -1.56757623e+00,\n",
              "        -1.31544430e+00],\n",
              "       [-9.00681170e-01,  5.58610819e-01, -1.16971425e+00,\n",
              "        -9.20547742e-01],\n",
              "       [-1.26418478e+00,  7.88807586e-01, -1.05603939e+00,\n",
              "        -1.31544430e+00],\n",
              "       [-1.02184904e+00, -1.31979479e-01, -1.22655167e+00,\n",
              "        -1.31544430e+00],\n",
              "       [-1.02184904e+00,  7.88807586e-01, -1.22655167e+00,\n",
              "        -1.05217993e+00],\n",
              "       [-7.79513300e-01,  1.01900435e+00, -1.28338910e+00,\n",
              "        -1.31544430e+00],\n",
              "       [-7.79513300e-01,  7.88807586e-01, -1.34022653e+00,\n",
              "        -1.31544430e+00],\n",
              "       [-1.38535265e+00,  3.28414053e-01, -1.22655167e+00,\n",
              "        -1.31544430e+00],\n",
              "       [-1.26418478e+00,  9.82172869e-02, -1.22655167e+00,\n",
              "        -1.31544430e+00],\n",
              "       [-5.37177559e-01,  7.88807586e-01, -1.28338910e+00,\n",
              "        -1.05217993e+00],\n",
              "       [-7.79513300e-01,  2.40018495e+00, -1.28338910e+00,\n",
              "        -1.44707648e+00],\n",
              "       [-4.16009689e-01,  2.63038172e+00, -1.34022653e+00,\n",
              "        -1.31544430e+00],\n",
              "       [-1.14301691e+00,  9.82172869e-02, -1.28338910e+00,\n",
              "        -1.31544430e+00],\n",
              "       [-1.02184904e+00,  3.28414053e-01, -1.45390138e+00,\n",
              "        -1.31544430e+00],\n",
              "       [-4.16009689e-01,  1.01900435e+00, -1.39706395e+00,\n",
              "        -1.31544430e+00],\n",
              "       [-1.14301691e+00,  1.24920112e+00, -1.34022653e+00,\n",
              "        -1.44707648e+00],\n",
              "       [-1.74885626e+00, -1.31979479e-01, -1.39706395e+00,\n",
              "        -1.31544430e+00],\n",
              "       [-9.00681170e-01,  7.88807586e-01, -1.28338910e+00,\n",
              "        -1.31544430e+00],\n",
              "       [-1.02184904e+00,  1.01900435e+00, -1.39706395e+00,\n",
              "        -1.18381211e+00],\n",
              "       [-1.62768839e+00, -1.74335684e+00, -1.39706395e+00,\n",
              "        -1.18381211e+00],\n",
              "       [-1.74885626e+00,  3.28414053e-01, -1.39706395e+00,\n",
              "        -1.31544430e+00],\n",
              "       [-1.02184904e+00,  1.01900435e+00, -1.22655167e+00,\n",
              "        -7.88915558e-01],\n",
              "       [-9.00681170e-01,  1.70959465e+00, -1.05603939e+00,\n",
              "        -1.05217993e+00],\n",
              "       [-1.26418478e+00, -1.31979479e-01, -1.34022653e+00,\n",
              "        -1.18381211e+00],\n",
              "       [-9.00681170e-01,  1.70959465e+00, -1.22655167e+00,\n",
              "        -1.31544430e+00],\n",
              "       [-1.50652052e+00,  3.28414053e-01, -1.34022653e+00,\n",
              "        -1.31544430e+00],\n",
              "       [-6.58345429e-01,  1.47939788e+00, -1.28338910e+00,\n",
              "        -1.31544430e+00],\n",
              "       [-1.02184904e+00,  5.58610819e-01, -1.34022653e+00,\n",
              "        -1.31544430e+00],\n",
              "       [ 1.40150837e+00,  3.28414053e-01,  5.35408562e-01,\n",
              "         2.64141916e-01],\n",
              "       [ 6.74501145e-01,  3.28414053e-01,  4.21733708e-01,\n",
              "         3.95774101e-01],\n",
              "       [ 1.28034050e+00,  9.82172869e-02,  6.49083415e-01,\n",
              "         3.95774101e-01],\n",
              "       [-4.16009689e-01, -1.74335684e+00,  1.37546573e-01,\n",
              "         1.32509732e-01],\n",
              "       [ 7.95669016e-01, -5.92373012e-01,  4.78571135e-01,\n",
              "         3.95774101e-01],\n",
              "       [-1.73673948e-01, -5.92373012e-01,  4.21733708e-01,\n",
              "         1.32509732e-01],\n",
              "       [ 5.53333275e-01,  5.58610819e-01,  5.35408562e-01,\n",
              "         5.27406285e-01],\n",
              "       [-1.14301691e+00, -1.51316008e+00, -2.60315415e-01,\n",
              "        -2.62386821e-01],\n",
              "       [ 9.16836886e-01, -3.62176246e-01,  4.78571135e-01,\n",
              "         1.32509732e-01],\n",
              "       [-7.79513300e-01, -8.22569778e-01,  8.07091462e-02,\n",
              "         2.64141916e-01],\n",
              "       [-1.02184904e+00, -2.43394714e+00, -1.46640561e-01,\n",
              "        -2.62386821e-01],\n",
              "       [ 6.86617933e-02, -1.31979479e-01,  2.51221427e-01,\n",
              "         3.95774101e-01],\n",
              "       [ 1.89829664e-01, -1.97355361e+00,  1.37546573e-01,\n",
              "        -2.62386821e-01],\n",
